list(theta=c(5.70060E-01, 7.50621E-01, 6.13388E-01, 5.87233E-01, 9.41897E-01, 4.00420E-01, 4.08735E-01, 6.49823E-01, 9.49888E-01, 7.93411E-01, 6.51254E-01, 4.59161E-01, 4.55184E-01, 4.14109E-01, 1.27817E-01), eta=c(5.03026E-01, 7.05116E-01, 9.65398E-01, 7.18830E-01, 1.00592E-01, 4.43042E-01, 5.58305E-02, 9.80032E-01, 2.00948E-01, 8.62618E-01, 4.79163E-01, 9.11842E-01, 1.21478E-01, 6.84773E-01, 3.80872E-02, 2.28397E-01, 4.20103E-01, 9.71930E-01, 6.92401E-01, 3.33067E-01), beta=c(9.14415E-01, 8.63768E-01, 7.90898E-01, 3.67375E-01, 4.39156E-01, 3.18125E-01, 5.99736E-01, 6.43447E-01, 8.21756E-01, 2.27333E-01, 8.62193E-01, 5.16146E-01, 1.23546E-01, 9.61295E-01, 7.29358E-01, 1.30506E-01, 6.64544E-01, 3.83153E-01, 2.29152E-01, 8.08077E-01))
