list(theta=c(8.78947E-01, 6.77010E-01, 4.11300E-01, 1.28889E-01, 2.43819E-01, 2.40737E-01, 8.35684E-01, 7.40390E-01, 5.74682E-01, 8.56599E-01, 1.30236E-01, 5.75901E-01, 7.66363E-01, 5.51004E-01, 5.20473E-01), eta=c(6.51598E-01, 8.18598E-01, 8.49663E-01, 1.33337E-01, 5.27505E-01, 7.57292E-03, 9.34771E-01, 6.77606E-01, 6.07871E-01, 4.52361E-01, 2.68933E-01, 8.42716E-01, 6.13703E-01, 7.48798E-01, 5.36907E-01, 3.10969E-01, 5.97474E-01, 6.62363E-01, 7.28857E-01, 4.77922E-01), beta=c(4.00175E-01, 8.39811E-01, 1.23134E-01, 8.73779E-01, 9.37735E-01, 8.24402E-01, 7.85318E-01, 7.45777E-01, 6.31013E-02, 4.68170E-01, 1.86029E-01, 2.95829E-01, 2.03544E-01, 6.42451E-01, 7.66719E-01, 9.88906E-01, 3.52662E-02, 4.32882E-01, 7.22994E-01, 7.24231E-01))
