list(theta=c(9.69658E-01, 4.00864E-01, 8.11888E-01, 1.00710E-01, 7.95931E-01, 3.50126E-01, 1.90626E-01, 9.77710E-01, 7.87533E-01, 3.69193E-01, 3.67705E-01, 2.30313E-01, 8.96786E-01, 1.96982E-01, 4.48380E-01), eta=c(1.68024E-01, 6.90907E-01, 8.59977E-01, 7.21838E-01, 3.59472E-01, 5.14013E-01, 2.22923E-01, 8.21268E-01, 6.02132E-01, 6.83726E-02, 6.80034E-01, 6.22332E-03, 5.31381E-01, 8.47082E-01, 6.94619E-01, 9.35951E-02, 6.71071E-01, 8.37389E-01, 2.33324E-02, 2.98641E-01), beta=c(8.71076E-01, 2.96756E-01, 7.44926E-01, 5.96318E-02, 4.04567E-01, 1.41243E-01, 1.33069E-01, 3.97665E-02, 3.68665E-03, 4.52560E-01, 9.01505E-01, 2.41112E-01, 5.45762E-01, 8.79536E-01, 4.65461E-01, 1.94593E-01, 8.41174E-01, 6.19331E-01, 4.01910E-01, 7.18463E-01))
